M_Kt= [0.679000    0.523000    0.523000    0.305000    0.203000    0.156000];
M_CPR= [65536       65536       65536       65536       32768       32768];
M_FRICTION_LIMIT= [0.152000    0.212000    0.203000    nan    nan   0.035000];
M_DRAG_LIMIT= [0.141000    0.214000    0.117000    nan    nan   0.020000];
M_HOMING_SPEED= [50000       50000       50000       30000       30000       50000];
M_CPR_DELTA= [10          10          10          10          10          10];  